      9 11
      8 2017
      5 ______________________________
      3 yes24
      3 http
      3 document
      3 com
      3 blog
      3 4
      3 07
      3 __________________________________________________________________
      2 PRIDE2
      2 BUTTON
     25 µ
      2 46
      2 3
      2 24
      2 13
      2 10
      2 1
      2 000
      2 µµ
      1 YES24
      1 YES
      1 url
      1 TOP
      1 rights
      1 reserved
      1 PC
      1 jpg
      1 ISBN
      1 everlys
      1 Corp
      1 COPYRIGHT
      1 All
      1 ª
      1 9972256
      1 9971892
      1 9971377
      1 9788997798544
      1 978
      1 97798
      1 89
      1 81
      1 8
      1 74800
      1 6µ
      1 54
      1 5µ
      1 5
      1 38
      1 37000
      1 35
      1 µ29
      1 240mm
      1 229
      1 22
      1 2005
      1 20
      1 2
      1 185
      1 17
      1 15
      1 14
      1 136
      1 08
      1 05
      1 02682
      1 00
      1 0
      1 ____________________
